[Reshelf.jpg]
moddate=3b7fa215e9c0d101
width=2560
height=1440
text=2;198;72;                            &#010;Application to Remove FoodStamps in the USA;Colonna MT;0.201506,0.352660,0.055556,0.000000;v1,4278190080,4278190080,128.000000,1.000000,0.000000,1.000000,700,0,49152;;132;7;RESHELF;Colonna MT;0.374874,0.288975,0.083333,0.000000;v1,4278190080,4278190080,128.000000,1.000000,0.000000,1.000000,700,0,49152;;
textactive=1
[Table.jpg]
moddate=c493f766e9c0d101
width=1920
height=1080
text=2;139;13;Table Grabber;Colonna MT;0.343027,0.288072,0.083333,0.000000;v1,4278190080,4278190080,128.000000,1.000000,0.000000,1.000000,700,0,49152;;163;37;Android App to book Restaurant Tables;Colonna MT;0.260253,0.442066,0.055556,0.000000;v1,4278190080,4278190080,128.000000,1.000000,0.000000,1.000000,700,0,49152;;
textactive=1
